0.01 , 1225.00
0.02 , 1225.00
0.03 , 1224.02
0.04 , 1222.06
0.05 , 1219.12
0.06 , 1215.20
0.07 , 1210.31
0.08 , 1204.45
0.09 , 1197.61
0.10 , 1189.82
0.11 , 1181.06
0.12 , 1171.36
0.13 , 1160.71
0.14 , 1149.12
0.15 , 1136.60
0.16 , 1123.17
0.17 , 1108.82
0.18 , 1093.58
0.19 , 1077.45
0.20 , 1060.44
0.21 , 1042.57
0.22 , 1023.86
0.23 , 1004.31
0.24 , 983.94
0.25 , 962.77
0.26 , 940.81
0.27 , 918.08
0.28 , 894.59
0.29 , 870.38
0.30 , 845.44
0.31 , 819.82
0.32 , 793.51
0.33 , 766.55
0.34 , 738.95
0.35 , 710.74
0.36 , 681.94
0.37 , 652.57
0.38 , 622.66
0.39 , 592.22
0.40 , 561.29
0.41 , 529.88
0.42 , 498.02
0.43 , 465.74
0.44 , 433.06
0.45 , 400.01
0.46 , 366.61
0.47 , 332.89
0.48 , 298.88
0.49 , 264.60
0.50 , 230.08
0.51 , 195.35
0.52 , 160.44
0.53 , 125.37
0.54 , 90.17
0.55 , 54.87
0.56 , 19.50
0.57 , -15.91
0.58 , -51.34
0.59 , -86.76
0.60 , -122.13
0.61 , -157.44
0.62 , -192.65
0.63 , -227.73
0.64 , -262.66
0.65 , -297.41
0.66 , -331.94
0.67 , -366.24
0.68 , -400.28
0.69 , -434.02
0.70 , -467.44
0.71 , -500.51
0.72 , -533.21
0.73 , -565.51
0.74 , -597.38
0.75 , -628.80
0.76 , -659.74
0.77 , -690.18
0.78 , -720.09
0.79 , -749.45
0.80 , -778.23
0.81 , -806.41
0.82 , -833.97
0.83 , -860.89
0.84 , -887.14
0.85 , -912.69
0.86 , -937.54
0.87 , -961.66
0.88 , -985.03
0.89 , -1007.63
0.90 , -1029.45
0.91 , -1050.45
0.92 , -1070.63
0.93 , -1089.98
0.94 , -1108.46
0.95 , -1126.07
0.96 , -1142.80
0.97 , -1158.63
0.98 , -1173.54
0.99 , -1187.52
1.00 , -1200.57
1.01 , -1212.67
1.02 , -1223.80
1.03 , -1233.97
1.04 , -1243.15
1.05 , -1251.35
1.06 , -1258.56
1.07 , -1264.76
1.08 , -1269.96
1.09 , -1274.14
1.10 , -1277.31
1.11 , -1279.46
1.12 , -1280.59
1.13 , -1280.69
1.14 , -1279.77
1.15 , -1277.83
1.16 , -1274.86
1.17 , -1270.87
1.18 , -1265.86
1.19 , -1259.83
1.20 , -1252.79
1.21 , -1244.74
1.22 , -1235.69
1.23 , -1225.64
1.24 , -1214.61
1.25 , -1202.59
1.26 , -1189.61
1.27 , -1175.66
1.28 , -1160.76
1.29 , -1144.92
1.30 , -1128.15
1.31 , -1110.46
1.32 , -1091.87
1.33 , -1072.40
1.34 , -1052.05
1.35 , -1030.84
1.36 , -1008.79
1.37 , -985.91
1.38 , -962.23
1.39 , -937.76
1.40 , -912.52
1.41 , -886.53
1.42 , -859.81
1.43 , -832.38
1.44 , -804.27
1.45 , -775.48
1.46 , -746.06
1.47 , -716.01
1.48 , -685.37
1.49 , -654.15
1.50 , -622.38
1.51 , -590.10
1.52 , -557.31
1.53 , -524.05
1.54 , -490.35
1.55 , -456.23
1.56 , -421.71
1.57 , -386.83
1.58 , -351.61
1.59 , -316.08
1.60 , -280.28
1.61 , -244.21
1.62 , -207.93
1.63 , -171.45
1.64 , -134.80
1.65 , -98.02
1.66 , -61.12
1.67 , -24.15
1.68 , 12.87
1.69 , 49.91
1.70 , 86.93
1.71 , 123.92
1.72 , 160.84
1.73 , 197.66
1.74 , 234.35
1.75 , 270.89
1.76 , 307.23
1.77 , 343.36
1.78 , 379.25
1.79 , 414.85
1.80 , 450.16
1.81 , 485.13
1.82 , 519.75
1.83 , 553.97
1.84 , 587.78
1.85 , 621.15
1.86 , 654.04
1.87 , 686.44
1.88 , 718.32
1.89 , 749.64
1.90 , 780.40
1.91 , 810.55
1.92 , 840.08
1.93 , 868.96
1.94 , 897.16
1.95 , 924.68
1.96 , 951.47
1.97 , 977.52
1.98 , 1002.82
1.99 , 1027.33
2.00 , 1051.04
2.01 , 1073.93
2.02 , 1095.97
2.03 , 1117.16
2.04 , 1137.47
2.05 , 1156.89
2.06 , 1175.40
2.07 , 1192.98
2.08 , 1209.62
2.09 , 1225.31
2.10 , 1240.02
2.11 , 1253.76
2.12 , 1266.51
2.13 , 1278.25
2.14 , 1288.98
2.15 , 1298.69
2.16 , 1307.37
2.17 , 1315.01
2.18 , 1321.60
2.19 , 1327.14
2.20 , 1331.62
2.21 , 1335.04
2.22 , 1337.40
2.23 , 1338.69
2.24 , 1338.90
2.25 , 1338.05
2.26 , 1336.13
2.27 , 1333.13
2.28 , 1329.07
2.29 , 1323.94
2.30 , 1317.74
2.31 , 1310.49
2.32 , 1302.19
2.33 , 1292.83
2.34 , 1282.43
2.35 , 1271.00
2.36 , 1258.54
2.37 , 1245.07
2.38 , 1230.59
2.39 , 1215.11
2.40 , 1198.65
2.41 , 1181.22
2.42 , 1162.83
2.43 , 1143.49
2.44 , 1123.22
2.45 , 1102.04
2.46 , 1079.96
2.47 , 1057.00
2.48 , 1033.17
2.49 , 1008.50
2.50 , 983.00
2.51 , 956.69
2.52 , 929.60
2.53 , 901.74
2.54 , 873.14
2.55 , 843.82
2.56 , 813.80
2.57 , 783.10
2.58 , 751.76
2.59 , 719.78
2.60 , 687.21
2.61 , 654.06
2.62 , 620.36
2.63 , 586.13
2.64 , 551.41
2.65 , 516.23
2.66 , 480.60
2.67 , 444.55
2.68 , 408.13
2.69 , 371.34
2.70 , 334.23
2.71 , 296.83
2.72 , 259.15
2.73 , 221.24
2.74 , 183.12
2.75 , 144.83
2.76 , 106.38
2.77 , 67.83
2.78 , 29.18
2.79 , -9.51
2.80 , -48.24
2.81 , -86.95
2.82 , -125.62
2.83 , -164.23
2.84 , -202.73
2.85 , -241.11
2.86 , -279.32
2.87 , -317.34
2.88 , -355.13
2.89 , -392.67
2.90 , -429.93
2.91 , -466.87
2.92 , -503.47
2.93 , -539.69
2.94 , -575.52
2.95 , -610.91
2.96 , -645.84
2.97 , -680.28
2.98 , -714.20
2.99 , -747.58
3.00 , -780.39
3.01 , -812.60
3.02 , -844.19
3.03 , -875.13
3.04 , -905.39
3.05 , -934.95
3.06 , -963.79
3.07 , -991.88
3.08 , -1019.19
3.09 , -1045.72
3.10 , -1071.43
3.11 , -1096.30
3.12 , -1120.32
3.13 , -1143.45
3.14 , -1165.70
3.15 , -1187.02
3.16 , -1207.42
3.17 , -1226.86
3.18 , -1245.34
3.19 , -1262.84
3.20 , -1279.34
3.21 , -1294.83
3.22 , -1309.30
3.23 , -1322.73
3.24 , -1335.12
3.25 , -1346.44
3.26 , -1356.70
3.27 , -1365.88
3.28 , -1373.98
3.29 , -1380.98
3.30 , -1386.89
3.31 , -1391.68
3.32 , -1395.37
3.33 , -1397.95
3.34 , -1399.41
3.35 , -1399.75
3.36 , -1398.97
3.37 , -1397.07
3.38 , -1394.06
3.39 , -1389.92
3.40 , -1384.67
3.41 , -1378.31
3.42 , -1370.84
3.43 , -1362.27
3.44 , -1352.60
3.45 , -1341.84
3.46 , -1330.00
3.47 , -1317.09
3.48 , -1303.11
3.49 , -1288.08
3.50 , -1272.00
3.51 , -1254.90
3.52 , -1236.77
3.53 , -1217.65
3.54 , -1197.53
3.55 , -1176.44
3.56 , -1154.39
3.57 , -1131.40
3.58 , -1107.49
3.59 , -1082.67
3.60 , -1056.97
3.61 , -1030.40
3.62 , -1002.98
3.63 , -974.74
3.64 , -945.70
3.65 , -915.88
3.66 , -885.30
3.67 , -853.99
3.68 , -821.97
3.69 , -789.27
3.70 , -755.91
3.71 , -721.92
3.72 , -687.32
3.73 , -652.15
3.74 , -616.42
3.75 , -580.18
3.76 , -543.44
3.77 , -506.23
3.78 , -468.60
3.79 , -430.55
3.80 , -392.14
3.81 , -353.38
3.82 , -314.30
3.83 , -274.94
3.84 , -235.33
3.85 , -195.50
3.86 , -155.48
3.87 , -115.31
3.88 , -75.01
3.89 , -34.62
3.90 , 5.83
3.91 , 46.31
3.92 , 86.78
3.93 , 127.22
3.94 , 167.59
3.95 , 207.85
3.96 , 247.99
3.97 , 287.95
3.98 , 327.72
3.99 , 367.26
4.00 , 406.53
4.01 , 445.51
4.02 , 484.17
4.03 , 522.47
4.04 , 560.38
4.05 , 597.87
4.06 , 634.92
4.07 , 671.48
4.08 , 707.54
4.09 , 743.06
4.10 , 778.02
4.11 , 812.38
4.12 , 846.12
4.13 , 879.21
4.14 , 911.62
4.15 , 943.33
4.16 , 974.31
4.17 , 1004.54
4.18 , 1033.98
4.19 , 1062.62
4.20 , 1090.44
4.21 , 1117.40
4.22 , 1143.50
4.23 , 1168.69
4.24 , 1192.98
4.25 , 1216.33
4.26 , 1238.72
4.27 , 1260.14
4.28 , 1280.57
4.29 , 1299.99
4.30 , 1318.39
4.31 , 1335.75
4.32 , 1352.05
4.33 , 1367.29
4.34 , 1381.44
4.35 , 1394.50
4.36 , 1406.45
4.37 , 1417.29
4.38 , 1427.00
4.39 , 1435.58
4.40 , 1443.02
4.41 , 1449.31
4.42 , 1454.44
4.43 , 1458.42
4.44 , 1461.23
4.45 , 1462.88
4.46 , 1463.35
4.47 , 1462.66
4.48 , 1460.79
4.49 , 1457.76
4.50 , 1453.55
4.51 , 1448.18
4.52 , 1441.65
4.53 , 1433.96
4.54 , 1425.11
4.55 , 1415.12
4.56 , 1403.99
4.57 , 1391.73
4.58 , 1378.34
4.59 , 1363.84
4.60 , 1348.23
4.61 , 1331.54
4.62 , 1313.77
4.63 , 1294.93
4.64 , 1275.04
4.65 , 1254.11
4.66 , 1232.17
4.67 , 1209.22
4.68 , 1185.29
4.69 , 1160.38
4.70 , 1134.53
4.71 , 1107.76
4.72 , 1080.07
4.73 , 1051.50
4.74 , 1022.06
4.75 , 991.79
4.76 , 960.69
4.77 , 928.80
4.78 , 896.15
4.79 , 862.75
4.80 , 828.63
4.81 , 793.82
4.82 , 758.35
4.83 , 722.25
4.84 , 685.53
4.85 , 648.25
4.86 , 610.41
4.87 , 572.05
4.88 , 533.21
4.89 , 493.90
4.90 , 454.17
4.91 , 414.05
4.92 , 373.56
4.93 , 332.74
4.94 , 291.63
4.95 , 250.24
4.96 , 208.63
4.97 , 166.81
4.98 , 124.82
4.99 , 82.71
5.00 , 40.49
5.01 , -1.79
5.02 , -44.11
5.03 , -86.42
5.04 , -128.70
5.05 , -170.91
5.06 , -213.02
5.07 , -254.99
5.08 , -296.79
5.09 , -338.39
5.10 , -379.75
5.11 , -420.83
5.12 , -461.62
5.13 , -502.07
5.14 , -542.14
5.15 , -581.82
5.16 , -621.06
5.17 , -659.84
5.18 , -698.12
5.19 , -735.87
5.20 , -773.07
5.21 , -809.67
5.22 , -845.66
5.23 , -881.00
5.24 , -915.66
5.25 , -949.62
5.26 , -982.85
5.27 , -1015.31
5.28 , -1046.99
5.29 , -1077.86
5.30 , -1107.89
5.31 , -1137.05
5.32 , -1165.34
5.33 , -1192.71
5.34 , -1219.15
5.35 , -1244.63
5.36 , -1269.14
5.37 , -1292.65
5.38 , -1315.15
5.39 , -1336.62
5.40 , -1357.03
5.41 , -1376.37
5.42 , -1394.63
5.43 , -1411.79
5.44 , -1427.83
5.45 , -1442.74
5.46 , -1456.51
5.47 , -1469.12
5.48 , -1480.57
5.49 , -1490.85
5.50 , -1499.93
5.51 , -1507.83
5.52 , -1514.53
5.53 , -1520.02
5.54 , -1524.30
5.55 , -1527.36
5.56 , -1529.21
5.57 , -1529.83
5.58 , -1529.23
5.59 , -1527.40
5.60 , -1524.35
5.61 , -1520.08
5.62 , -1514.59
5.63 , -1507.89
5.64 , -1499.97
5.65 , -1490.84
5.66 , -1480.52
5.67 , -1469.00
5.68 , -1456.30
5.69 , -1442.42
5.70 , -1427.38
5.71 , -1411.19
5.72 , -1393.85
5.73 , -1375.38
5.74 , -1355.80
5.75 , -1335.12
5.76 , -1313.35
5.77 , -1290.52
5.78 , -1266.64
5.79 , -1241.72
5.80 , -1215.79
5.81 , -1188.86
5.82 , -1160.97
5.83 , -1132.12
5.84 , -1102.34
5.85 , -1071.66
5.86 , -1040.09
5.87 , -1007.67
5.88 , -974.42
5.89 , -940.36
5.90 , -905.52
5.91 , -869.93
5.92 , -833.61
5.93 , -796.60
5.94 , -758.92
5.95 , -720.61
5.96 , -681.68
5.97 , -642.18
5.98 , -602.14
5.99 , -561.58
6.00 , -520.54
6.01 , -479.05
6.02 , -437.14
6.03 , -394.85
6.04 , -352.21
6.05 , -309.26
6.06 , -266.02
6.07 , -222.54
6.08 , -178.84
6.09 , -134.96
6.10 , -90.95
6.11 , -46.82
6.12 , -2.62
6.13 , 41.61
6.14 , 85.85
6.15 , 130.06
6.16 , 174.20
6.17 , 218.23
6.18 , 262.12
6.19 , 305.84
6.20 , 349.35
6.21 , 392.61
6.22 , 435.60
6.23 , 478.27
6.24 , 520.59
6.25 , 562.53
6.26 , 604.05
6.27 , 645.13
6.28 , 685.71
6.29 , 725.79
6.30 , 765.31
6.31 , 804.26
6.32 , 842.59
6.33 , 880.28
6.34 , 917.29
6.35 , 953.60
6.36 , 989.18
6.37 , 1023.99
6.38 , 1058.02
6.39 , 1091.22
6.40 , 1123.58
6.41 , 1155.06
6.42 , 1185.65
6.43 , 1215.31
6.44 , 1244.02
6.45 , 1271.76
6.46 , 1298.50
6.47 , 1324.23
6.48 , 1348.92
6.49 , 1372.55
6.50 , 1395.10
6.51 , 1416.55
6.52 , 1436.89
6.53 , 1456.09
6.54 , 1474.14
6.55 , 1491.03
6.56 , 1506.74
6.57 , 1521.26
6.58 , 1534.57
6.59 , 1546.66
6.60 , 1557.53
6.61 , 1567.16
6.62 , 1575.54
6.63 , 1582.67
6.64 , 1588.54
6.65 , 1593.14
6.66 , 1596.47
6.67 , 1598.53
6.68 , 1599.31
6.69 , 1598.81
6.70 , 1597.03
6.71 , 1593.98
6.72 , 1589.64
6.73 , 1584.03
6.74 , 1577.15
6.75 , 1569.00
6.76 , 1559.59
6.77 , 1548.93
6.78 , 1537.01
6.79 , 1523.86
6.80 , 1509.48
6.81 , 1493.88
6.82 , 1477.07
6.83 , 1459.06
6.84 , 1439.88
6.85 , 1419.52
6.86 , 1398.02
6.87 , 1375.38
6.88 , 1351.62
6.89 , 1326.76
6.90 , 1300.82
6.91 , 1273.82
6.92 , 1245.78
6.93 , 1216.71
6.94 , 1186.66
6.95 , 1155.62
6.96 , 1123.64
6.97 , 1090.74
6.98 , 1056.93
6.99 , 1022.26
7.00 , 986.73
7.01 , 950.39
7.02 , 913.26
7.03 , 875.37
7.04 , 836.75
7.05 , 797.43
7.06 , 757.44
7.07 , 716.81
7.08 , 675.58
7.09 , 633.77
7.10 , 591.42
7.11 , 548.57
7.12 , 505.24
7.13 , 461.47
7.14 , 417.30
7.15 , 372.76
7.16 , 327.89
7.17 , 282.71
7.18 , 237.28
7.19 , 191.62
7.20 , 145.77
7.21 , 99.76
7.22 , 53.64
7.23 , 7.44
7.24 , -38.80
7.25 , -85.05
7.26 , -131.27
7.27 , -177.42
7.28 , -223.47
7.29 , -269.37
7.30 , -315.09
7.31 , -360.60
7.32 , -405.86
7.33 , -450.83
7.34 , -495.47
7.35 , -539.76
7.36 , -583.64
7.37 , -627.10
7.38 , -670.09
7.39 , -712.57
7.40 , -754.52
7.41 , -795.90
7.42 , -836.68
7.43 , -876.82
7.44 , -916.29
7.45 , -955.06
7.46 , -993.10
7.47 , -1030.37
7.48 , -1066.85
7.49 , -1102.50
7.50 , -1137.30
7.51 , -1171.22
7.52 , -1204.22
7.53 , -1236.30
7.54 , -1267.40
7.55 , -1297.52
7.56 , -1326.63
7.57 , -1354.69
7.58 , -1381.70
7.59 , -1407.62
7.60 , -1432.44
7.61 , -1456.13
7.62 , -1478.67
7.63 , -1500.05
7.64 , -1520.25
7.65 , -1539.24
7.66 , -1557.02
7.67 , -1573.57
7.68 , -1588.88
7.69 , -1602.92
7.70 , -1615.69
7.71 , -1627.18
7.72 , -1637.38
7.73 , -1646.28
7.74 , -1653.87
7.75 , -1660.13
7.76 , -1665.08
7.77 , -1668.70
7.78 , -1670.99
7.79 , -1671.94
7.80 , -1671.55
7.81 , -1669.83
7.82 , -1666.77
7.83 , -1662.37
7.84 , -1656.64
7.85 , -1649.58
7.86 , -1641.20
7.87 , -1631.50
7.88 , -1620.48
7.89 , -1608.16
7.90 , -1594.54
7.91 , -1579.63
7.92 , -1563.45
7.93 , -1546.01
7.94 , -1527.31
7.95 , -1507.38
7.96 , -1486.22
7.97 , -1463.86
7.98 , -1440.31
7.99 , -1415.59
8.00 , -1389.72
8.01 , -1362.72
8.02 , -1334.60
8.03 , -1305.39
8.04 , -1275.12
8.05 , -1243.80
8.06 , -1211.46
8.07 , -1178.13
8.08 , -1143.82
8.09 , -1108.58
8.10 , -1072.42
8.11 , -1035.37
8.12 , -997.47
8.13 , -958.73
8.14 , -919.20
8.15 , -878.90
8.16 , -837.87
8.17 , -796.13
8.18 , -753.72
8.19 , -710.68
8.20 , -667.03
8.21 , -622.81
8.22 , -578.07
8.23 , -532.82
8.24 , -487.11
8.25 , -440.97
8.26 , -394.44
8.27 , -347.57
8.28 , -300.37
8.29 , -252.90
8.30 , -205.19
8.31 , -157.27
8.32 , -109.19
8.33 , -60.99
8.34 , -12.69
8.35 , 35.65
8.36 , 84.00
8.37 , 132.32
8.38 , 180.58
8.39 , 228.73
8.40 , 276.73
8.41 , 324.56
8.42 , 372.16
8.43 , 419.50
8.44 , 466.54
8.45 , 513.25
8.46 , 559.58
8.47 , 605.51
8.48 , 650.99
8.49 , 695.98
8.50 , 740.45
8.51 , 784.36
8.52 , 827.69
8.53 , 870.38
8.54 , 912.41
8.55 , 953.75
8.56 , 994.36
8.57 , 1034.20
8.58 , 1073.25
8.59 , 1111.47
8.60 , 1148.83
8.61 , 1185.30
8.62 , 1220.86
8.63 , 1255.46
8.64 , 1289.09
8.65 , 1321.71
8.66 , 1353.31
8.67 , 1383.84
8.68 , 1413.30
8.69 , 1441.64
8.70 , 1468.86
8.71 , 1494.92
8.72 , 1519.81
8.73 , 1543.50
8.74 , 1565.97
8.75 , 1587.21
8.76 , 1607.20
8.77 , 1625.92
8.78 , 1643.35
8.79 , 1659.48
8.80 , 1674.30
8.81 , 1687.79
8.82 , 1699.94
8.83 , 1710.74
8.84 , 1720.18
8.85 , 1728.25
8.86 , 1734.94
8.87 , 1740.25
8.88 , 1744.18
8.89 , 1746.71
8.90 , 1747.85
8.91 , 1747.59
8.92 , 1745.93
8.93 , 1742.87
8.94 , 1738.42
8.95 , 1732.57
8.96 , 1725.33
8.97 , 1716.70
8.98 , 1706.70
8.99 , 1695.32
9.00 , 1682.58
9.01 , 1668.48
9.02 , 1653.03
9.03 , 1636.25
9.04 , 1618.15
9.05 , 1598.73
9.06 , 1578.03
9.07 , 1556.04
9.08 , 1532.79
9.09 , 1508.30
9.10 , 1482.58
9.11 , 1455.65
9.12 , 1427.54
9.13 , 1398.27
9.14 , 1367.85
9.15 , 1336.31
9.16 , 1303.68
9.17 , 1269.98
9.18 , 1235.23
9.19 , 1199.47
9.20 , 1162.73
9.21 , 1125.02
9.22 , 1086.38
9.23 , 1046.84
9.24 , 1006.44
9.25 , 965.19
9.26 , 923.14
9.27 , 880.32
9.28 , 836.76
9.29 , 792.50
9.30 , 747.57
9.31 , 702.00
9.32 , 655.83
9.33 , 609.11
9.34 , 561.85
9.35 , 514.11
9.36 , 465.93
9.37 , 417.33
9.38 , 368.35
9.39 , 319.05
9.40 , 269.45
9.41 , 219.59
9.42 , 169.52
9.43 , 119.27
9.44 , 68.89
9.45 , 18.41
9.46 , -32.13
9.47 , -82.68
9.48 , -133.20
9.49 , -183.65
9.50 , -234.01
9.51 , -284.21
9.52 , -334.22
9.53 , -384.01
9.54 , -433.53
9.55 , -482.75
9.56 , -531.62
9.57 , -580.10
9.58 , -628.15
9.59 , -675.74
9.60 , -722.83
9.61 , -769.38
9.62 , -815.35
9.63 , -860.71
9.64 , -905.41
9.65 , -949.42
9.66 , -992.71
9.67 , -1035.24
9.68 , -1076.98
9.69 , -1117.89
9.70 , -1157.93
9.71 , -1197.08
9.72 , -1235.31
9.73 , -1272.58
9.74 , -1308.86
9.75 , -1344.12
9.76 , -1378.33
9.77 , -1411.47
9.78 , -1443.51
9.79 , -1474.42
9.80 , -1504.17
9.81 , -1532.74
9.82 , -1560.11
9.83 , -1586.25
9.84 , -1611.15
9.85 , -1634.78
9.86 , -1657.11
9.87 , -1678.14
9.88 , -1697.85
9.89 , -1716.21
9.90 , -1733.21
9.91 , -1748.84
9.92 , -1763.08
9.93 , -1775.93
9.94 , -1787.36
9.95 , -1797.38
9.96 , -1805.96
9.97 , -1813.10
9.98 , -1818.81
9.99 , -1823.06
10.00 , -1825.85
